% Nancy's Truss with a Right Angle Between nodes 1, 2 and 3 

% Clear Command Window and Workspace
clear all, clc;

% Knowns
mass = 1; % Mass hanging from the bridge in k

P = (mass*9.81); %Converting the mass into a Force in N
E = 10.932*10^9; % Modulus of Elasticity in Pa
A = (0.6*0.0254) * ((1/16)*0.0254); % Cross Section of the Truss, Converted from inches to meters
%geometry of a single trusses used (should all be constant cross sections)
l = [1.97; 2.95; 3.55; 3.74; 2.12; 2.76; 2.65; 3.15; 2.13; 3.21; 2.3; 4.92; 3.18]; 
%L array is hand calculated befrore simulation.  
% geometry of the truss
L = l.*0.0254; %converting the array from inches to m
theata = [90; 0; 33.7; 0; 112; 176; 42; 0; 124; 169; 31; 0; 158]; 
%theata array is hand calculated befrore simulation.
%measured from the horizontal

% K coeffients, from simplifying Hooke's law -- .* is an element-wise
% multiplication, this produces as matrix k that is 3 elements (the size of
% L)
k = E.*A./L;

% Generate K Matricies for each truss
% General K matrix
C = cosd(theata);
S = sind(theata);
CS = C.*S; %".*" is a known function in matlab which multiplies matrix C and S element by element and returns the result in CS

%Calculating the stiffness matrix for member 1 (16 x 16) 
k1 = k(1) * [C(1)^2, CS(1), -C(1)^2, -CS(1), 0, 0, 0, 0, 0, 0, 0, 0, 0, 0, 0, 0;
             CS(1), S(1)^2, -CS(1), -S(1)^2, 0, 0, 0, 0, 0, 0, 0, 0, 0, 0, 0, 0;
             -C(1)^2, -CS(1), C(1)^2, CS(1), 0, 0, 0, 0, 0, 0, 0, 0, 0, 0, 0, 0;
             -CS(1), -S(1)^2, CS(1), S(1)^2, 0, 0, 0, 0, 0, 0, 0, 0, 0, 0, 0, 0;
             0, 0, 0, 0, 0, 0, 0, 0, 0, 0, 0, 0, 0, 0, 0, 0;
             0, 0, 0, 0, 0, 0, 0, 0, 0, 0, 0, 0, 0, 0, 0, 0;
             0, 0, 0, 0, 0, 0, 0, 0, 0, 0, 0, 0, 0, 0, 0, 0;
             0, 0, 0, 0, 0, 0, 0, 0, 0, 0, 0, 0, 0, 0, 0, 0;
             0, 0, 0, 0, 0, 0, 0, 0, 0, 0, 0, 0, 0, 0, 0, 0;
             0, 0, 0, 0, 0, 0, 0, 0, 0, 0, 0, 0, 0, 0, 0, 0;
             0, 0, 0, 0, 0, 0, 0, 0, 0, 0, 0, 0, 0, 0, 0, 0;
             0, 0, 0, 0, 0, 0, 0, 0, 0, 0, 0, 0, 0, 0, 0, 0;
             0, 0, 0, 0, 0, 0, 0, 0, 0, 0, 0, 0, 0, 0, 0, 0;
             0, 0, 0, 0, 0, 0, 0, 0, 0, 0, 0, 0, 0, 0, 0, 0;
             0, 0, 0, 0, 0, 0, 0, 0, 0, 0, 0, 0, 0, 0, 0, 0;
             0, 0, 0, 0, 0, 0, 0, 0, 0, 0, 0, 0, 0, 0, 0, 0];

% Calculating the local stiffness matrix for member 2
k2 = k(2) * [C(2)^2, CS(2), 0, 0, -C(2)^2, -CS(2), 0, 0, 0, 0, 0, 0, 0, 0, 0, 0;
              CS(2), S(2)^2, 0, 0, -CS(2), -S(2)^2, 0, 0, 0, 0, 0, 0, 0, 0, 0, 0;
             0, 0, 0, 0, 0, 0, 0, 0, 0, 0, 0, 0, 0, 0, 0, 0;
             0, 0, 0, 0, 0, 0, 0, 0, 0, 0, 0, 0, 0, 0, 0, 0;
             -C(2)^2, -CS(2), 0, 0, C(2)^2, CS(2), 0, 0, 0, 0, 0, 0, 0, 0, 0, 0;
             -CS(2), -S(2)^2, 0, 0, CS(2), S(2)^2, 0, 0, 0, 0, 0, 0, 0, 0, 0, 0;
             0, 0, 0, 0, 0, 0, 0, 0, 0, 0, 0, 0, 0, 0, 0, 0;
             0, 0, 0, 0, 0, 0, 0, 0, 0, 0, 0, 0, 0, 0, 0, 0;
             0, 0, 0, 0, 0, 0, 0, 0, 0, 0, 0, 0, 0, 0, 0, 0;
             0, 0, 0, 0, 0, 0, 0, 0, 0, 0, 0, 0, 0, 0, 0, 0;
             0, 0, 0, 0, 0, 0, 0, 0, 0, 0, 0, 0, 0, 0, 0, 0;
             0, 0, 0, 0, 0, 0, 0, 0, 0, 0, 0, 0, 0, 0, 0, 0;
             0, 0, 0, 0, 0, 0, 0, 0, 0, 0, 0, 0, 0, 0, 0, 0;
             0, 0, 0, 0, 0, 0, 0, 0, 0, 0, 0, 0, 0, 0, 0, 0;
             0, 0, 0, 0, 0, 0, 0, 0, 0, 0, 0, 0, 0, 0, 0, 0;
             0, 0, 0, 0, 0, 0, 0, 0, 0, 0, 0, 0, 0, 0, 0, 0];

% Calculating the local stiffness matrix for member 3
k3 = k(3) * [0, 0, 0, 0, 0, 0, 0, 0, 0, 0, 0, 0, 0, 0, 0, 0;
             0, 0, 0, 0, 0, 0, 0, 0, 0, 0, 0, 0, 0, 0, 0, 0;
             0, 0, C(3)^2, CS(3), -C(3)^2, -CS(3), 0, 0, 0, 0, 0, 0, 0, 0, 0, 0;
             0, 0, CS(3), S(3)^2, -CS(3), -S(3)^2, 0, 0, 0, 0, 0, 0, 0, 0, 0, 0;
             0, 0, -C(3)^2, -CS(3), C(3)^2, CS(3), 0, 0, 0, 0, 0, 0, 0, 0, 0, 0;
             0, 0, -CS(3), -S(3)^2, CS(3), S(3)^2, 0, 0, 0, 0, 0, 0, 0, 0, 0, 0;
             0, 0, 0, 0, 0, 0, 0, 0, 0, 0, 0, 0, 0, 0, 0, 0;
             0, 0, 0, 0, 0, 0, 0, 0, 0, 0, 0, 0, 0, 0, 0, 0;
             0, 0, 0, 0, 0, 0, 0, 0, 0, 0, 0, 0, 0, 0, 0, 0;
             0, 0, 0, 0, 0, 0, 0, 0, 0, 0, 0, 0, 0, 0, 0, 0;
             0, 0, 0, 0, 0, 0, 0, 0, 0, 0, 0, 0, 0, 0, 0, 0;
             0, 0, 0, 0, 0, 0, 0, 0, 0, 0, 0, 0, 0, 0, 0, 0;
             0, 0, 0, 0, 0, 0, 0, 0, 0, 0, 0, 0, 0, 0, 0, 0;
             0, 0, 0, 0, 0, 0, 0, 0, 0, 0, 0, 0, 0, 0, 0, 0;
             0, 0, 0, 0, 0, 0, 0, 0, 0, 0, 0, 0, 0, 0, 0, 0;
             0, 0, 0, 0, 0, 0, 0, 0, 0, 0, 0, 0, 0, 0, 0, 0];
             
% Calculating the local stiffness matrix for member 4
k4 = k(4) * [0, 0, 0, 0, 0, 0, 0, 0, 0, 0, 0, 0, 0, 0, 0, 0;
             0, 0, 0, 0, 0, 0, 0, 0, 0, 0, 0, 0, 0, 0, 0, 0;
             0, 0, C(4)^2, CS(4), 0, 0, -C(4)^2, -CS(4), 0, 0, 0, 0, 0, 0, 0, 0;
             0, 0, CS(4), S(4)^2, 0, 0, -CS(4), -S(4)^2, 0, 0, 0, 0, 0, 0, 0, 0;
             0, 0, 0, 0, 0, 0, 0, 0, 0, 0, 0, 0, 0, 0, 0, 0;
             0, 0, 0, 0, 0, 0, 0, 0, 0, 0, 0, 0, 0, 0, 0, 0;
             0, 0, -C(4)^2, -CS(4),0, 0, C(4)^2, CS(4), 0, 0, 0, 0, 0, 0, 0, 0;
             0, 0, -CS(4), -S(4)^2,0, 0, CS(4), S(4)^2, 0, 0, 0, 0, 0, 0, 0, 0;
             0, 0, 0, 0, 0, 0, 0, 0, 0, 0, 0, 0, 0, 0, 0, 0;
             0, 0, 0, 0, 0, 0, 0, 0, 0, 0, 0, 0, 0, 0, 0, 0;
             0, 0, 0, 0, 0, 0, 0, 0, 0, 0, 0, 0, 0, 0, 0, 0;
             0, 0, 0, 0, 0, 0, 0, 0, 0, 0, 0, 0, 0, 0, 0, 0;
             0, 0, 0, 0, 0, 0, 0, 0, 0, 0, 0, 0, 0, 0, 0, 0;
             0, 0, 0, 0, 0, 0, 0, 0, 0, 0, 0, 0, 0, 0, 0, 0;
             0, 0, 0, 0, 0, 0, 0, 0, 0, 0, 0, 0, 0, 0, 0, 0;
             0, 0, 0, 0, 0, 0, 0, 0, 0, 0, 0, 0, 0, 0, 0, 0];
            
% Calculating the local stiffness matrix for member 5
k5 = k(5) * [0, 0, 0, 0, 0, 0, 0, 0, 0, 0, 0, 0, 0, 0, 0, 0;
             0, 0, 0, 0, 0, 0, 0, 0, 0, 0, 0, 0, 0, 0, 0, 0;
             0, 0, 0, 0, 0, 0, 0, 0, 0, 0, 0, 0, 0, 0, 0, 0;
             0, 0, 0, 0, 0, 0, 0, 0, 0, 0, 0, 0, 0, 0, 0, 0;
             0, 0, 0, 0, C(5)^2, CS(5), -C(5)^2, -CS(5), 0, 0, 0, 0, 0, 0, 0, 0;
             0, 0, 0, 0, CS(5), S(5)^2, -CS(5), -S(5)^2, 0, 0, 0, 0, 0, 0, 0, 0;
             0, 0, 0, 0, -C(5)^2, -CS(5), C(5)^2, CS(5), 0, 0, 0, 0, 0, 0, 0, 0;
             0, 0, 0, 0, -CS(5), -S(5)^2, CS(5), S(5)^2, 0, 0, 0, 0, 0, 0, 0, 0;
             0, 0, 0, 0, 0, 0, 0, 0, 0, 0, 0, 0, 0, 0, 0, 0;
             0, 0, 0, 0, 0, 0, 0, 0, 0, 0, 0, 0, 0, 0, 0, 0;
             0, 0, 0, 0, 0, 0, 0, 0, 0, 0, 0, 0, 0, 0, 0, 0;
             0, 0, 0, 0, 0, 0, 0, 0, 0, 0, 0, 0, 0, 0, 0, 0;
             0, 0, 0, 0, 0, 0, 0, 0, 0, 0, 0, 0, 0, 0, 0, 0;
             0, 0, 0, 0, 0, 0, 0, 0, 0, 0, 0, 0, 0, 0, 0, 0;
             0, 0, 0, 0, 0, 0, 0, 0, 0, 0, 0, 0, 0, 0, 0, 0;
             0, 0, 0, 0, 0, 0, 0, 0, 0, 0, 0, 0, 0, 0, 0, 0];

% Calculating the local stiffness matrix for member 6
k6 = k(6) * [0, 0, 0, 0, 0, 0, 0, 0, 0, 0, 0, 0, 0, 0, 0, 0;
             0, 0, 0, 0, 0, 0, 0, 0, 0, 0, 0, 0, 0, 0, 0, 0;
             0, 0, 0, 0, 0, 0, 0, 0, 0, 0, 0, 0, 0, 0, 0, 0;
             0, 0, 0, 0, 0, 0, 0, 0, 0, 0, 0, 0, 0, 0, 0, 0;
             0, 0, 0, 0, C(6)^2, CS(6), 0, 0, -C(6)^2, -CS(6), 0, 0, 0, 0, 0, 0;
             0, 0, 0, 0, CS(6), S(6)^2, 0, 0, -CS(6), -S(6)^2, 0, 0, 0, 0, 0, 0;
             0, 0, 0, 0, 0, 0, 0, 0, 0, 0, 0, 0, 0, 0, 0, 0;
             0, 0, 0, 0, 0, 0, 0, 0, 0, 0, 0, 0, 0, 0, 0, 0;
             0, 0, 0, 0, -C(6)^2, -CS(6), 0, 0, C(6)^2, CS(6), 0, 0, 0, 0, 0, 0;
             0, 0, 0, 0, -CS(6), -S(6)^2, 0, 0, CS(6), S(6)^2, 0, 0, 0, 0, 0, 0;
             0, 0, 0, 0, 0, 0, 0, 0, 0, 0, 0, 0, 0, 0, 0, 0;
             0, 0, 0, 0, 0, 0, 0, 0, 0, 0, 0, 0, 0, 0, 0, 0;
             0, 0, 0, 0, 0, 0, 0, 0, 0, 0, 0, 0, 0, 0, 0, 0;
             0, 0, 0, 0, 0, 0, 0, 0, 0, 0, 0, 0, 0, 0, 0, 0;
             0, 0, 0, 0, 0, 0, 0, 0, 0, 0, 0, 0, 0, 0, 0, 0;
             0, 0, 0, 0, 0, 0, 0, 0, 0, 0, 0, 0, 0, 0, 0, 0];
            
% Calculating the local stiffness matrix for member 7
k7 = k(7) * [0, 0, 0, 0, 0, 0, 0, 0, 0, 0, 0, 0, 0, 0, 0, 0;
             0, 0, 0, 0, 0, 0, 0, 0, 0, 0, 0, 0, 0, 0, 0, 0;
             0, 0, 0, 0, 0, 0, 0, 0, 0, 0, 0, 0, 0, 0, 0, 0;
             0, 0, 0, 0, 0, 0, 0, 0, 0, 0, 0, 0, 0, 0, 0, 0;
             0, 0, 0, 0, 0, 0, 0, 0, 0, 0, 0, 0, 0, 0, 0, 0;
             0, 0, 0, 0, 0, 0, 0, 0, 0, 0, 0, 0, 0, 0, 0, 0;
             0, 0, 0, 0, 0, 0, C(7)^2, CS(7), -C(7)^2, -CS(7), 0, 0, 0, 0, 0, 0;
             0, 0, 0, 0, 0, 0, CS(7), S(7)^2, -CS(7), -S(7)^2, 0, 0, 0, 0, 0, 0;
             0, 0, 0, 0, 0, 0, -C(7)^2, -CS(7), C(7)^2, CS(7), 0, 0, 0, 0, 0, 0;
             0, 0, 0, 0, 0, 0, -CS(7), -S(7)^2, CS(7), S(7)^2, 0, 0, 0, 0, 0, 0;
             0, 0, 0, 0, 0, 0, 0, 0, 0, 0, 0, 0, 0, 0, 0, 0;
             0, 0, 0, 0, 0, 0, 0, 0, 0, 0, 0, 0, 0, 0, 0, 0;
             0, 0, 0, 0, 0, 0, 0, 0, 0, 0, 0, 0, 0, 0, 0, 0;
             0, 0, 0, 0, 0, 0, 0, 0, 0, 0, 0, 0, 0, 0, 0, 0;
             0, 0, 0, 0, 0, 0, 0, 0, 0, 0, 0, 0, 0, 0, 0, 0;
             0, 0, 0, 0, 0, 0, 0, 0, 0, 0, 0, 0, 0, 0, 0, 0];
          
% Calculating the local stiffness matrix for member 8
k8 = k(8) * [0, 0, 0, 0, 0, 0, 0, 0, 0, 0, 0, 0, 0, 0, 0, 0;
             0, 0, 0, 0, 0, 0, 0, 0, 0, 0, 0, 0, 0, 0, 0, 0;
             0, 0, 0, 0, 0, 0, 0, 0, 0, 0, 0, 0, 0, 0, 0, 0;
             0, 0, 0, 0, 0, 0, 0, 0, 0, 0, 0, 0, 0, 0, 0, 0;
             0, 0, 0, 0, 0, 0, 0, 0, 0, 0, 0, 0, 0, 0, 0, 0;
             0, 0, 0, 0, 0, 0, 0, 0, 0, 0, 0, 0, 0, 0, 0, 0;
             0, 0, 0, 0, 0, 0, C(8)^2, CS(8), 0, 0, -C(8)^2, -CS(8), 0, 0, 0, 0;
             0, 0, 0, 0, 0, 0, CS(8), S(8)^2, 0, 0, -CS(8), -S(8)^2, 0, 0, 0, 0;
             0, 0, 0, 0, 0, 0, 0, 0, 0, 0, 0, 0, 0, 0, 0, 0;
             0, 0, 0, 0, 0, 0, 0, 0, 0, 0, 0, 0, 0, 0, 0, 0;
             0, 0, 0, 0, 0, 0, -C(8)^2, -CS(8), 0, 0, C(8)^2, CS(8), 0, 0, 0, 0;
             0, 0, 0, 0, 0, 0, -CS(8), -S(8)^2, 0, 0, CS(8), S(8)^2, 0, 0, 0, 0;
             0, 0, 0, 0, 0, 0, 0, 0, 0, 0, 0, 0, 0, 0, 0, 0;
             0, 0, 0, 0, 0, 0, 0, 0, 0, 0, 0, 0, 0, 0, 0, 0;
             0, 0, 0, 0, 0, 0, 0, 0, 0, 0, 0, 0, 0, 0, 0, 0;
             0, 0, 0, 0, 0, 0, 0, 0, 0, 0, 0, 0, 0, 0, 0, 0];
 
% Calculating the local stiffness matrix for member 9
k9 = k(9) * [0, 0, 0, 0, 0, 0, 0, 0, 0, 0, 0, 0, 0, 0, 0, 0;
             0, 0, 0, 0, 0, 0, 0, 0, 0, 0, 0, 0, 0, 0, 0, 0;
             0, 0, 0, 0, 0, 0, 0, 0, 0, 0, 0, 0, 0, 0, 0, 0;
             0, 0, 0, 0, 0, 0, 0, 0, 0, 0, 0, 0, 0, 0, 0, 0;
             0, 0, 0, 0, 0, 0, 0, 0, 0, 0, 0, 0, 0, 0, 0, 0;
             0, 0, 0, 0, 0, 0, 0, 0, 0, 0, 0, 0, 0, 0, 0, 0;
             0, 0, 0, 0, 0, 0, 0, 0, 0, 0, 0, 0, 0, 0, 0, 0;
             0, 0, 0, 0, 0, 0, 0, 0, 0, 0, 0, 0, 0, 0, 0, 0;
             0, 0, 0, 0, 0, 0, 0, 0, 0, 0, C(9)^2, CS(9), -C(9)^2, -CS(9), 0, 0;
             0, 0, 0, 0, 0, 0, 0, 0, 0, 0, CS(9), S(9)^2, -CS(9), -S(9)^2, 0, 0;
             0, 0, 0, 0, 0, 0, 0, 0, 0, 0, -C(9)^2, -CS(9), C(9)^2, CS(9), 0, 0;
             0, 0, 0, 0, 0, 0, 0, 0, 0, 0, -CS(9), -S(9)^2, CS(9), S(9)^2, 0, 0;
             0, 0, 0, 0, 0, 0, 0, 0, 0, 0, 0, 0, 0, 0, 0, 0;
             0, 0, 0, 0, 0, 0, 0, 0, 0, 0, 0, 0, 0, 0, 0, 0;
             0, 0, 0, 0, 0, 0, 0, 0, 0, 0, 0, 0, 0, 0, 0, 0;
             0, 0, 0, 0, 0, 0, 0, 0, 0, 0, 0, 0, 0, 0, 0, 0];

% Calculating the local stiffness matrix for member 10
k10 = k(10) * [0, 0, 0, 0, 0, 0, 0, 0, 0, 0, 0, 0, 0, 0, 0, 0;
             0, 0, 0, 0, 0, 0, 0, 0, 0, 0, 0, 0, 0, 0, 0, 0;
             0, 0, 0, 0, 0, 0, 0, 0, 0, 0, 0, 0, 0, 0, 0, 0;
             0, 0, 0, 0, 0, 0, 0, 0, 0, 0, 0, 0, 0, 0, 0, 0;
             0, 0, 0, 0, 0, 0, 0, 0, 0, 0, 0, 0, 0, 0, 0, 0;
             0, 0, 0, 0, 0, 0, 0, 0, 0, 0, 0, 0, 0, 0, 0, 0;
             0, 0, 0, 0, 0, 0, 0, 0, 0, 0, 0, 0, 0, 0, 0, 0;
             0, 0, 0, 0, 0, 0, 0, 0, 0, 0, 0, 0, 0, 0, 0, 0;
             0, 0, 0, 0, 0, 0, 0, 0, C(10)^2, CS(10), 0, 0, -C(10)^2, -CS(10), 0, 0;
             0, 0, 0, 0, 0, 0, 0, 0, CS(10), S(10)^2, 0, 0, -CS(10), -S(10)^2, 0, 0;
             0, 0, 0, 0, 0, 0, 0, 0, 0, 0, 0, 0, 0, 0, 0, 0;
             0, 0, 0, 0, 0, 0, 0, 0, 0, 0, 0, 0, 0, 0, 0, 0;
             0, 0, 0, 0, 0, 0, 0, 0, -C(10)^2, -CS(10), 0, 0, C(10)^2, CS(10), 0, 0;
             0, 0, 0, 0, 0, 0, 0, 0, -CS(10), -S(10)^2, 0, 0, CS(10), S(10)^2,  0, 0;
             0, 0, 0, 0, 0, 0, 0, 0, 0, 0, 0, 0, 0, 0, 0, 0;
             0, 0, 0, 0, 0, 0, 0, 0, 0, 0, 0, 0, 0, 0, 0, 0];

% Calculating the local stiffness matrix for member 11
k11 = k(11) * [0, 0, 0, 0, 0, 0, 0, 0, 0, 0, 0, 0, 0, 0, 0, 0;
             0, 0, 0, 0, 0, 0, 0, 0, 0, 0, 0, 0, 0, 0, 0, 0;
             0, 0, 0, 0, 0, 0, 0, 0, 0, 0, 0, 0, 0, 0, 0, 0;
             0, 0, 0, 0, 0, 0, 0, 0, 0, 0, 0, 0, 0, 0, 0, 0;
             0, 0, 0, 0, 0, 0, 0, 0, 0, 0, 0, 0, 0, 0, 0, 0;
             0, 0, 0, 0, 0, 0, 0, 0, 0, 0, 0, 0, 0, 0, 0, 0;
             0, 0, 0, 0, 0, 0, 0, 0, 0, 0, 0, 0, 0, 0, 0, 0;
             0, 0, 0, 0, 0, 0, 0, 0, 0, 0, 0, 0, 0, 0, 0, 0;
             0, 0, 0, 0, 0, 0, 0, 0, 0, 0, 0, 0, 0, 0, 0, 0;
             0, 0, 0, 0, 0, 0, 0, 0, 0, 0, 0, 0, 0, 0, 0, 0;
             0, 0, 0, 0, 0, 0, 0, 0, 0, 0, C(11)^2, CS(11), -C(11)^2, -CS(11), 0, 0;
             0, 0, 0, 0, 0, 0, 0, 0, 0, 0, CS(11), S(11)^2, -CS(11), -S(11)^2, 0, 0;
             0, 0, 0, 0, 0, 0, 0, 0, 0, 0, -C(11)^2, -CS(11), C(11)^2, CS(11), 0, 0;
             0, 0, 0, 0, 0, 0, 0, 0, 0, 0, -CS(11), -S(11)^2, CS(11), S(11)^2,  0, 0;
             0, 0, 0, 0, 0, 0, 0, 0, 0, 0, 0, 0, 0, 0, 0, 0;
             0, 0, 0, 0, 0, 0, 0, 0, 0, 0, 0, 0, 0, 0, 0, 0;];
          
% Calculating the local stiffness matrix for member 12
k12 = k(12) * [0, 0, 0, 0, 0, 0, 0, 0, 0, 0, 0, 0, 0, 0, 0, 0;
             0, 0, 0, 0, 0, 0, 0, 0, 0, 0, 0, 0, 0, 0, 0, 0;
             0, 0, 0, 0, 0, 0, 0, 0, 0, 0, 0, 0, 0, 0, 0, 0;
             0, 0, 0, 0, 0, 0, 0, 0, 0, 0, 0, 0, 0, 0, 0, 0;
             0, 0, 0, 0, 0, 0, 0, 0, 0, 0, 0, 0, 0, 0, 0, 0;
             0, 0, 0, 0, 0, 0, 0, 0, 0, 0, 0, 0, 0, 0, 0, 0;
             0, 0, 0, 0, 0, 0, 0, 0, 0, 0, 0, 0, 0, 0, 0, 0;
             0, 0, 0, 0, 0, 0, 0, 0, 0, 0, 0, 0, 0, 0, 0, 0;
             0, 0, 0, 0, 0, 0, 0, 0, 0, 0, 0, 0, 0, 0, 0, 0;
             0, 0, 0, 0, 0, 0, 0, 0, 0, 0, 0, 0, 0, 0, 0, 0;
             0, 0, 0, 0, 0, 0, 0, 0, 0, 0, C(12)^2, CS(12), 0, 0, -C(12)^2, -CS(12);
             0, 0, 0, 0, 0, 0, 0, 0, 0, 0, CS(12), S(12)^2, 0, 0, -CS(12), -S(12)^2;
             0, 0, 0, 0, 0, 0, 0, 0, 0, 0, 0, 0, 0, 0, 0, 0;
             0, 0, 0, 0, 0, 0, 0, 0, 0, 0, 0, 0, 0, 0, 0, 0;
             0, 0, 0, 0, 0, 0, 0, 0, 0, 0, -C(12)^2, -CS(12), 0, 0, C(12)^2, CS(12);
             0, 0, 0, 0, 0, 0, 0, 0, 0, 0, -CS(12), -S(12)^2, 0, 0, CS(12), S(12)^2];

 % Calculating the local stiffness matrix for member 13
k13 = k(13) * [0, 0, 0, 0, 0, 0, 0, 0, 0, 0, 0, 0, 0, 0, 0, 0;
             0, 0, 0, 0, 0, 0, 0, 0, 0, 0, 0, 0, 0, 0, 0, 0;
             0, 0, 0, 0, 0, 0, 0, 0, 0, 0, 0, 0, 0, 0, 0, 0;
             0, 0, 0, 0, 0, 0, 0, 0, 0, 0, 0, 0, 0, 0, 0, 0;
             0, 0, 0, 0, 0, 0, 0, 0, 0, 0, 0, 0, 0, 0, 0, 0;
             0, 0, 0, 0, 0, 0, 0, 0, 0, 0, 0, 0, 0, 0, 0, 0;
             0, 0, 0, 0, 0, 0, 0, 0, 0, 0, 0, 0, 0, 0, 0, 0;
             0, 0, 0, 0, 0, 0, 0, 0, 0, 0, 0, 0, 0, 0, 0, 0;
             0, 0, 0, 0, 0, 0, 0, 0, 0, 0, 0, 0, 0, 0, 0, 0;
             0, 0, 0, 0, 0, 0, 0, 0, 0, 0, 0, 0, 0, 0, 0, 0;
             0, 0, 0, 0, 0, 0, 0, 0, 0, 0, 0, 0, 0, 0, 0, 0;
             0, 0, 0, 0, 0, 0, 0, 0, 0, 0, 0, 0, 0, 0, 0, 0;
             0, 0, 0, 0, 0, 0, 0, 0, 0, 0, 0, 0, C(13)^2, CS(13), -C(13)^2, -CS(13);
             0, 0, 0, 0, 0, 0, 0, 0, 0, 0, 0, 0, CS(13), S(13)^2, -CS(13), -S(13)^2;
             0, 0, 0, 0, 0, 0, 0, 0, 0, 0, 0, 0, -C(13)^2, -CS(13), C(13)^2, CS(13);
             0, 0, 0, 0, 0, 0, 0, 0, 0, 0, 0, 0, -CS(13), -S(13)^2, CS(13), S(13)^2];
         
%assembling the global stiffness matrix (of all the memebers)
K = k1 + k2 + k3 + k4 + k5 + k6 + k7 + k8 + k9 + k10 + k11 + k12 + k13;

%We know u1x = u1y = u2x = 0 because the bridge experiences support
%reactions in these directions 

% Solve for unknown displacements & create displacement matrix
u = [K(4,4:16); K(5,4:16); K(6,4:16); K(7,4:16); K(8,4:16)
     K(9,4:16); K(10,4:16); K(11,4:16); K(12,4:16); K(13,4:16)
     K(14,4:16); K(15,4:16); K(16,4:16)] \ [0; 0; 0; 0; 0; 0; 0; 0; 0; 0; 0; P; 0];

U = [0;0;0; u(1); u(2); u(3); u(4); u(5); u(6); u(7); u(8); u(9); u(10); u(11); u(12); u(13)];

% Solve reation forces -- matricies
% F = K * U;

% Solve member forces
% fe1 = k(1) * ((U(3)-U(1))*C(1) + (U(4)-U(2))*S(1));
% fe2 = k(2) * ((U(5)-U(3))*C(2) + (U(6)-U(4))*S(2));
% fe3 = k(3) * ((U(5)-U(2))*C(3) + (U(6)-U(1))*S(3));

% Fe = [fe1;fe2;fe3];

% Format and print results
% fprintf('Nodal Displacements:\n');
% j = 1;
% for i = 1:2:length(U)
%     fprintf('u%ix = %.3f P/EA\n', j, U(i));
%     fprintf('u%iy = %.3f P/EA\n', j, U(i+1));
%     j = j+1;
% end

% fprintf('\nNodal Forces:\n');
% j = 1;
% for i = 1:2:length(F)
%     fprintf('f%ix = %.3f P\n', j, F(i));
%     fprintf('f%iy = %.3f P\n', j, F(i+1));
%     j = j+1;
% end

% fprintf('\nMember Forces:\n');
% for i = 1:length(Fe)
%     fprintf('f(%i) = %.3f P\n', i, Fe(i));
% end
